1842477502118514	4633.68	3938.62	0
49922	2780.76	2780.76	2780.76
1875377503395421	1766.78	1501.77	0
1496796425594145	1382.36	1382.36	1382.36
1201216275250646	986.72	0	0
1457991851480438	866.34	736.39	0
1200710431634227	552.48	552.48	552.48
1887062958495147	514.11	436.99	436.99
1000255762686540	425.4	425.4	425.4
1300140730487194	402	341.7	0
1996904096728463	347.77	347.77	347.77
1875422330443516	301.87	301.87	301.87
35621245	295.85	295.85	295.85
30655538	235.39	235.39	235.39
1733766254635026	194.94	194.94	194.94
1285621674022477	164.54	164.54	0
1438747659963495	153.71	130.65	0
1144725274426607	151.96	151.96	151.96
1783202558158246	143.2	143.2	143.2
1359099605207770	131.3	131.3	131.3
1448267179175270	127.82	127.82	127.82
1150211697116426	127.06	107.99	0
1476858540300999	123.34	123.34	123.34
1582733917145563	122.16	122.16	122.16
1726708279589269	120.97	120.97	120.97
1489610834336193	119.5	119.5	119.5
1589755421602154	107.84	107.84	0
1750351075052908	103	103	103
1174516562788003	101.65	101.65	101.65
1099428851200520	101.01	101.01	101.01
1965656404988438	100.95	86.7	0
1822085002392424	100.02	100.02	100.02
1649915261320173	99.82	84.84	84.84
1206054035659770	96	96	96
1321645248249587	89.88	89.88	89.88
1959627681315962	89.63	89.63	89.63
1687944645814659	88.75	88.75	88.75
1175164276712441	88.74	88.74	88.74
20123999	88	88	0
1617929253839642	87.88	87.88	87.88
1736101274189555	86	86	86
1647796581073291	86	0	0
1566160088898406	85.4	85.4	85.4
1380156306793859	83.8	83.8	0
1927803148511618	82.42	82.42	0
1673427197867277	82.33	82.33	82.33
1477832102462645	80.94	68.79	68.79
1121633338879161	80.09	80.09	80.09
1841263585564192	79.35	79.35	79.35
1299154555571020	78.47	78.47	78.47
1158534107433252	78	66.28	66.28
515191	76.95	76.95	76.95
1165341705185202	76	76	76
1355896343423723	72	72	0
1831419997483758	71.58	71.58	71.58
1495335651543387	70.88	69.47	69.47
1994829860132229	67.26	67.26	67.26
1675356476808602	65.2	65.2	0
1692459487162543	64.6	64.6	64.6
1133533817523848	63.57	63.57	63.57
1198441856775137	62.83	0	0
1510049939692405	57.84	57.84	57.84
1946847746003178	50	50	50
1210800148574651	48.55	48.55	48.55
1218451986048990	48.55	48.55	48.55
1640203250297726	48	48	48
1623535027631451	46	46	46
1157559952083380	46	46	46
1333106272424394	45.6	45.6	0
1828464233589268	45.08	45.08	45.08
1961600650769041	44	44	44
1205847059570920	41.8	41.8	41.8
1655414906181880	39.65	39.65	39.65
1011918887112435	38.99	38.99	0
1978033388531973	38	38	38
1222823968182636	36	36	36
1651430221984608	36	30.6	30.6
1515197469417748	34.02	34.02	0
1653329079912588	34	34	34
1732515765807132	32.4	32.4	32.4
1159649817992800	32	32	32
1805368588812512	32	32	32
1921869189950932	30	30	30
1925566581630491	29.6	29.6	0
1911960349206819	29.01	29.01	29.01
1910648188451864	28.81	28.81	28.81
1850213878781850	28.62	28.62	28.62
1997573896390734	28	28	28
1421227682811789	28	28	28
1930736016462079	28	28	28
1876621207052783	28	28	0
1485955850576127	28	28	0
1597106687582740	28	28	28
1596350766901255	28	28	28
1797500426380147	27.91	27.91	27.91
1420854671769379	27.5	27.5	27.5
1383416364573188	26.7	26.7	26.7
1263361397016160	26	26	26
1229911713945965	26	26	26
1474253309150144	26	26	0
1142342302936710	26	26	26
1368569662566859	26	26	26
1200925891149610	26	26	26
1730363728793142	26	26	26
1610528052990881	26	26	26
1283899258956354	25.5	25.5	0
1857241506712740	24.73	24.73	0
1378763002858594	24	24	0
1058949072375933	24	24	24
1455508930782159	24	24	24
1968974810834066	24	24	24
1431240410051359	23.63	23.63	23.63
300882	22.9	22.9	22.9
1689019035100256	22.46	22.46	22.46
1286945823473625	22.38	22.38	22.38
1296825402699921	22.26	22.26	22.26
1155993219756982	22.07	22.07	22.07
1441006284473277	22	22	22
1171852144558721	22	22	22
1820732274203981	22	22	22
1117330987518679	22	22	22
1158120797426405	21.5	21.5	21.5
1933932191586578	21.2	21.2	21.2
1866740642707849	21	21	21
1706602651409617	20.16	20.16	20.16
35082290	20.08	20.08	20.08
1391049664279847	20	20	20
1291161659865877	20	20	20
1955152469078851	20	20	20
1956467821193465	20	20	20
1762766258383213	19.5	19.5	19.5
1884140483978617	18	18	18
1554170239194111	18	18	0
1386365995946081	18	18	18
1260622891892244	18	18	18
1597430905229988	18	18	18
1651544622505552	18	18	18
1769906539081995	18	18	18
1850409544108274	17.16	17.16	17.16
20431777	17	17	17
1352128602773936	16	16	16
1717007117008478	16	16	16
1271727880393658	16	16	16
1303645430248130	16	16	16
30746010	16	16	16
1112452475792928	16	16	16
1377939954888477	16	16	16
1108535124238030	16	16	16
1585060797140551	16	16	16
1431764148983194	16	16	16
1530719999282444	16	16	16
31244217	16	16	16
1112209900008724	15.5	15.5	15.5
1291027343190770	15.2	15.2	15.2
1737309639751233	15.2	15.2	15.2
1967143502328757	15.2	15.2	0
1010916549132440	14	14	14
1577128581148384	14	14	14
1540067705048929	14	14	14
1870635212071368	14	14	0
1066334447824562	14	14	14
1913052551177649	14	14	14
1323617078611046	14	14	14
1771849223178984	14	14	14
1104935111968566	14	14	14
31097716	14	14	14
1951948345439581	14	0	0
1107135892844932	14	14	14
1801337056643721	13.72	13.72	13.72
1499023820078578	13.6	13.6	13.6
1585959481645918	13.43	13.43	13.43
1771877073989575	13.4	13.4	0
1974549552862088	13.07	13.07	13.07
1912374739735628	12.78	12.78	12.78
1002906539884383	12.15	12.15	12.15
1219923309091746	12	12	12
1916847598074702	12	12	12
1523368601262382	12	12	12
1593320806015117	12	12	12
1843204890136036	12	12	12
1476654002384584	12	12	12
1998604707407842	12	12	12
1177036282396957	12	12	12
1901709535846165	12	12	12
1348349453196805	12	12	12
31291407	12	12	12
1718256395995008	12	12	12
31263681	12	12	12
1638774833676538	12	12	12
10754485	12	12	12
1291341788862257	12	12	12
1674406384676843	12	12	12
1654109041909600	12	12	12
1204455777916940	12	12	0
1915375670363973	12	12	12
1595851365777706	12	12	0
1717676038056100	12	12	12
1301244356167921	12	12	12
1417343611441756	11.95	11.95	11.95
1838406411383050	11.5	11.5	11.5
1261979984425160	11.5	11.5	11.5
1637216450441173	11.4	11.4	0
1311930737784627	11.4	11.4	11.4
1349113696907720	11.4	11.4	11.4
1708531674610032	10.96	10.96	10.96
1440675187170130	10.57	10.57	10.57
1025315029211145	10	10	10
1215025611172306	10	10	10
1593537632969943	10	10	10
1634038070795736	10	10	10
1183208859049978	10	10	10
1546342374304551	10	10	10
34499264	10	10	10
31882848	10	10	10
1208653037286177	10	10	10
1072723535570923	10	10	10
1655928604919847	10	10	0
1125509993870764	10	10	10
1924115596499419	10	10	10
1198819227704276	10	10	0
1629240754393192	10	10	10
1602249471632987	10	10	10
20189901	10	10	10
30770043	10	10	10
1143856330341444	10	10	10
20851947	10	10	10
1609453534508081	10	10	10
1946552147636353	10	10	0
35048883	10	10	10
1463939778802068	10	10	10
10120872	10	10	10
1110300120480045	10	10	0
1002932882343081	9.5	9.5	9.5
1220042898326087	9.5	9.5	9.5
31290956	8	8	8
1689118658214918	8	8	8
1617204804551999	8	8	8
1563450338242978	8	8	8
31824817	8	8	8
1822265962724754	8	8	8
1137674049673961	8	8	8
1575516904204953	8	8	8
1410873267930990	8	8	8
1907716465454937	8	8	0
1169023708610700	8	8	8
1345017795814932	8	8	8
1181156421819355	8	8	8
1604473712402888	8	8	8
31251842	8	8	8
1061016285871175	8	8	8
1317168553318021	8	8	8
1921717076330644	8	8	8
1829347415903212	8	8	8
1625313442096981	8	8	8
1394332523898476	8	8	8
1924460043094435	8	8	8
1238445222351676	8	8	8
1273448871173824	8	8	8
1941505946323830	8	8	8
1208616994395730	8	8	8
1509448683251257	8	8	8
1727209197771297	8	8	8
1511976971943526	8	8	8
50190286	8	8	8
1800270227377344	8	8	8
1216734027219619	8	8	8
1949326502938252	8	8	8
1818545163451529	8	8	8
1666347429592746	8	8	8
1808017662084594	8	8	8
1523802380601762	8	8	8
1712632869550752	8	8	8
1782808261875466	8	8	8
1523492981395663	8	8	0
1375566742798232	7.8	7.8	7.8
31048065	7.6	7.6	7.6
1161640497210643	7.6	7.6	7.6
1127762434726177	7.6	6.46	0
1256851872901549	7.6	7.6	7.6
1411352082522077	7.6	7.6	7.6
1703057667602896	7.6	7.6	7.6
1951630198855111	7.6	7.6	7.6
1040445850351716	7.6	7.6	7.6
1498723463796341	7.6	7.6	7.6
1997821026576352	7.5	7.5	7.5
1346934190832362	7.5	7.5	7.5
1202829164188998	6.07	6.07	6.07
1445775344805707	6	6	6
1434414463464171	6	6	6
1025513863282693	6	6	6
30811605	6	6	6
1152387341077721	6	6	6
1159859920365204	6	6	6
1483494853363438	6	6	6
1392765185519228	6	5.1	5.1
1877418049695620	6	6	6
1130646790030620	6	6	6
1469766649171174	6	6	6
1470788133608630	6	6	6
1450402448417238	6	6	6
1152669072185471	6	6	6
1385365779456702	6	6	0
1874435646548543	6	6	6
1589220343185544	6	6	6
1390439807703137	6	6	6
1853561123666675	6	6	6
1140429531260608	6	6	6
1892988739940927	6	6	6
1885921823329242	6	6	6
1515778970508862	6	6	6
1375635152270966	6	6	6
31734768	6	6	0
1426646778584792	6	6	6
1261397208604909	6	6	6
1249321216645799	6	6	6
1740841173245679	6	6	6
1256231477201870	6	6	6
1102043577382977	6	6	6
1210731228277188	6	6	6
1993745601631826	6	6	6
1266377052483070	6	6	6
1935357413072621	6	6	6
1092666073668017	6	6	6
1303579039520545	6	6	6
1086958648018677	6	6	6
1298333310468061	6	6	6
1120055673283120	6	6	6
1116246999096913	6	6	6
1202742369976665	6	6	6
1744487937620520	6	6	6
1382014063555051	6	6	6
1621850858807245	6	6	6
1356499359914838	6	6	6
1224732624016574	6	6	6
1092038135229358	6	6	0
1109030120036400	6	6	6
1767909626617559	6	6	0
1239709040601892	6	6	6
1334544251901694	6	6	6
1107266043813433	6	6	6
1406796945680790	5.8	5.8	5.8
1551972062744567	5.5	5.5	5.5
1914434348645870	4	4	4
1527060022108021	4	4	0
1957618611542667	4	4	0
1778557032617695	4	4	4
1958451121307599	4	4	0
1897039278115495	4	4	4
1859313196531063	4	4	4
50149371	4	4	4
1866212730119243	4	4	4
30922304	4	4	4
1475795034586092	4	4	4
1695706621913025	4	4	4
1696450336817010	4	4	4
1756809297272092	4	4	4
1806300392327822	4	4	4
1767301629781490	4	4	4
1734128996311991	4	4	0
1719527258709366	4	4	4
20156688	4	4	4
1937241950165910	4	4	4
1712463038944437	4	4	4
1786895820023176	4	4	4
35005759	4	4	4
1706028044793760	4	4	4
1888119606826886	4	4	4
1541410710460156	4	4	4
1546138065106940	4	4	4
1854866169766469	4	4	4
1589918722968556	4	4	4
1590147872157638	4	4	4
1637228850438877	4	4	4
1851125103775311	4	4	4
1985018782785717	4	4	4
1850257432980904	4	4	4
1845569803733032	4	4	4
1631038535778387	4	4	4
1627967709960756	4	4	4
1596858193308482	4	4	4
1624657417738507	4	4	4
1847602416893871	4	4	4
1978155849139150	4	4	4
1845676010391432	4	4	4
1608778171516317	4	4	4
1847418972850959	4	4	4
1641837445072619	4	4	4
1644450661307761	4	4	0
1810567709750717	4	4	4
1690501376383268	4	4	4
1864731913486816	4	4	4
1563617572589386	4	4	0
1972353961868859	4	4	4
1680831998252895	4	4	4
1575638843288594	4	4	4
1862950356708559	4	4	4
1858542320133205	4	4	4
1665722588605672	4	4	4
1658968980336052	4	4	0
1586223188789105	4	4	4
1656869972528572	4	4	4
1832841764058527	4	4	4
1835887356744642	4	4	4
1650647311035250	4	4	4
1997043423734508	4	4	4
1619899267536690	4	4	4
1060226485317915	4	4	4
1026862725380408	4	4	4
1024111550174209	4	4	4
1123605670106467	4	4	4
1060250083139417	4	4	4
1325393895674243	4	4	4
1129709143764958	4	4	4
1186882577662955	4	4	4
1322604114101534	4	4	4
1311919470170274	4	4	0
1309057782626478	4	4	4
1300721648436049	4	4	4
1327444363353059	4	4	0
1119522075198875	4	4	4
1066539375614956	4	4	4
1373205728283748	4	4	4
1371711	4	4	4
10954790	4	4	0
1425742738984391	4	4	4
1107493943609020	4	4	4
1360080075736153	4	4	4
1357167919469994	4	4	4
1115951184331686	4	4	4
1117977880774272	4	4	4
1432517692803445	4	4	4
1016947671229483	4	4	0
1300332955705643	4	4	4
1293638568917038	4	4	4
1456236236681294	4	4	4
1468896834840341	4	4	4
1207198757286080	4	4	4
126841	4	4	4
1258308256326447	4	4	4
1175068669161338	4	4	4
1223064083313752	4	4	4
1240120702378368	4	4	4
1458643636581222	4	4	4
1461570621661942	4	4	4
1159051027960910	4	4	4
1157650873674671	4	4	4
1275965288450232	4	4	4
1147299949423983	4	4	4
1214834433106867	4	4	4
1450064168780643	4	4	4
1281515692126108	4	4	4
1006756414056542	4	4	4
1151529661068482	4	4	4
1450454607630353	4	4	4
1153823542783139	4	4	4
1154220348968473	4	4	4
1276162523580685	4	4	4
1235795106674669	4	3.4	3.4
1579335133579161	3.8	3.8	3.8
1548560014214736	3.8	3.8	3.8
1929832622779161	3.8	3.8	3.8
1855925519333515	3.8	3.8	0
1326223444347115	3.8	3.8	3.8
1318723472267103	3.8	3.8	3.8
1676818965001561	3.8	3.8	3.8
1560425518652410	3.8	3.8	3.8
1008048957674541	3.8	3.8	3.8
1791122243031750	3.5	3.5	3.5
1940931568999486	3.5	3.5	3.5
1514751286037597	3.5	3.5	3.5
1613320966318920	3.5	3.5	3.5
1138526560200608	3.5	3.5	3.5
1613668401447678	3.5	3.5	3.5
1718756369060402	3	3	3
1680940480569390	3	3	3
1155169669693962	2	2	2
35516224	2	2	2
35128383	2	2	2
1009360430323537	2	2	2
1863284852455320	2	2	0
1869268427121535	2	2	2
1864766359374600	2	2	2
1011626483730376	2	2	0
1865430719236513	2	2	2
1156692778072093	2	2	2
1862782687701525	2	2	2
1159331679257976	2	2	0
1162363966018454	2	2	2
1854441791693380	2	2	2
1162362848486100	2	2	2
1855216298609335	2	2	2
35964379	2	2	2
1898345410638071	2	2	2
1008320371090948	2	2	2
1158810849122322	2	2	2
1860214566120332	2	2	2
1870415152992200	2	2	2
1154209648629946	2	2	2
1885132777446753	2	2	2
34124820	2	2	2
31891102	2	2	2
31831855	2	2	2
1143666348230174	2	2	2
1887051359279466	2	2	2
1018152046001654	2	2	2
1142545836201813	2	2	2
1142026142908714	2	2	0
1888930583343059	2	2	2
1141504890494865	2	2	2
1884848444180137	2	2	2
1144524091795052	2	2	2
1015817491701638	2	2	2
34965290	2	2	2
1016562426780701	2	2	2
114927	2	2	0
34244263	2	2	2
1145651268782699	2	2	2
1878532175414616	2	2	2
1879054678002763	2	2	2
1879729688941528	2	2	2
1882421730346518	2	2	2
1883940501399555	2	2	2
1898111372361542	2	2	2
1802890353960016	2	2	2
1820108523946717	2	2	2
1205432871103355	2	2	0
1007270326141282	2	2	2
1821801954581329	2	2	2
1199455603890798	2	2	2
1823970567209687	2	2	2
1825531065928169	2	2	2
1827765788690683	2	2	2
1198061571253303	2	2	2
1196487127642911	2	2	2
1829953284046959	2	2	2
1206915952850589	2	2	2
1817601860799995	2	2	2
1816206886957236	2	2	0
1805066858376879	2	2	2
1935460029828376	2	2	2
1214200401780166	2	2	2
1805459908192236	2	2	2
1805547324999801	2	2	2
1805628406107823	2	2	0
1805966412769226	2	2	2
1211520614091071	2	2	2
1210803839749037	2	2	2
50151535	2	2	2
1811758032547078	2	2	2
1194258105090397	2	2	0
1832058029608269	2	2	2
1844432202164643	2	2	2
1178622987944362	2	2	2
1846347145353257	2	2	2
1172031660867015	2	2	2
1847434514948223	2	2	2
44404	2	2	0
1169629866692829	2	2	2
1167302665404267	2	2	0
1164023023558347	2	2	2
1162798557789835	2	2	2
44396	2	2	0
1843919035730337	2	2	2
1843438660055937	2	2	2
1182746799695448	2	2	2
50038630	2	2	2
1192642291907123	2	2	2
1833195116679238	2	2	2
1835243641658707	2	2	2
1835447915999666	2	2	2
31560963	2	2	2
1185628116675440	2	2	2
1840235199994485	2	2	2
1184535836379148	2	2	2
1183300831998420	2	2	2
50010093	2	2	2
1162517412747621	2	2	2
1900608704166637	2	2	2
1955075252008042	2	2	2
1090425023742804	2	2	2
1090135030182519	2	2	2
1970097120018408	2	2	2
1970934984379424	2	2	2
1971089453035783	2	2	2
1971965824127014	2	2	2
1088031067038458	2	2	2
1087009567462188	2	2	2
1086122847575395	2	2	2
1074847668935010	2	2	2
1979062548666025	2	2	2
1091444272213161	2	2	2
1036662957690587	2	2	2
1101661719697759	2	2	2
1099319319983626	2	2	2
1098036151271820	2	2	0
1096200481678676	2	2	2
1958457056343050	2	2	2
1958971397146664	2	2	2
1036547039191467	2	2	2
1091982681097721	2	2	2
1961805321961306	2	2	2
30710159	2	2	2
1962267700052235	2	2	2
1980664345007030	2	2	2
1981269381759951	2	2	2
1068723216148614	2	2	0
1045240120558391	2	2	2
20007255	2	2	2
1045072267606788	2	2	2
1043952832527745	2	2	2
1043236758666332	2	2	2
1041694966007255	2	2	2
20519566	2	2	2
20616799	2	2	2
20967412	2	2	2
20626461	2	2	2
1038033916539241	2	2	2
1048267486151848	2	2	2
1051463103997135	2	2	2
1985458093564983	2	2	2
1986332531586621	2	2	2
1986955611902030	2	2	0
1986960360542021	2	2	2
1987604971619462	2	2	2
1990617682760934	2	2	2
30652835	2	2	2
30179121	2	2	2
1064701072982524	2	2	2
1124285442916068	2	2	2
1036946097528403	2	2	2
20869446	2	2	2
1139893555824939	2	2	2
1130363287208552	2	2	2
31573421	2	2	2
1129733488576406	2	2	2
1917644306248507	2	2	2
1127647054878347	2	1.7	0
31475832	2	2	2
31326289	2	2	2
1023362129474864	2	2	2
1029695387466668	2	2	2
1122260953808354	2	2	2
1924749740853691	2	2	2
1130730203767593	2	2	2
31633841	2	2	0
1926784398669293	2	2	2
1022105918573980	2	2	2
1909627870252409	2	2	2
1910034909594981	2	2	2
1135100115279109	2	2	2
1911001251533605	2	2	2
1911116367868010	2	2	2
1911644693049862	2	2	2
31643518	2	2	2
1134414070508750	2	2	2
1134158789991262	2	2	2
1031081374537692	2	2	2
1119953098578236	2	2	2
1927413450268562	2	2	2
1033198502025703	2	2	2
1942226993757528	2	2	2
1942567165644922	2	2	2
1112848864565633	2	2	2
30789511	2	2	2
1108842540476494	2	2	2
1947740749257013	2	2	2
1949206959921815	2	2	2
1108179379502331	2	2	2
1950800657614261	2	2	2
1035963390894598	2	2	2
1113429628263754	2	2	2
1941223539722811	2	2	2
31183181	2	2	2
31134582	2	2	2
1930565408669704	2	2	2
1031136585672570	2	2	2
1931433312587978	2	2	2
1031717730703118	2	2	2
1934824654550620	2	2	2
1113633816102099	2	2	0
1032559499069798	2	2	2
1113528892951467	2	2	2
1939739012610085	2	2	2
1105940848481621	2	2	2
1801604436425871	2	2	2
1572383133607293	2	2	2
1381924933705458	2	2	2
1381053316783105	2	2	2
1590945320798197	2	2	2
1591755509967865	2	2	2
1379484069391465	2	2	2
1376774801786080	2	2	2
1594646177374741	2	2	2
1595139653552356	2	2	2
1595240560349829	2	2	2
1376036406453649	2	2	2
1596060448964563	2	2	2
1374052554883460	2	2	2
1596431546757538	2	2	2
1385929959230244	2	2	2
1388903696589244	2	2	2
1572514641604480	2	2	2
1410867786141407	2	2	2
1410648641359768	2	2	2
1575757068768412	2	2	2
1576923758772169	2	2	2
1407823405424402	2	2	2
1577392095422522	2	2	2
1405692015294736	2	2	2
1583166498389381	2	2	2
1402335820239135	2	2	2
1397730219312269	2	2	2
1394120596025300	2	2	2
1588457604093132	2	2	2
1372902973567585	2	2	2
1599944265863955	2	2	2
1358942207130556	2	2	2
1619574549280571	2	2	2
1358641544878377	2	2	2
1350064478504300	2	2	2
1623839124947385	2	2	2
1624270317564069	2	2	2
1347256290034880	2	2	2
1624761571916351	2	2	2
1344630380249093	2	2	2
1627878979817037	2	2	2
1341733321717544	2	2	2
1628664673038227	2	2	2
1628961954708484	2	2	2
1616840837339556	2	2	2
1615420697905633	2	2	2
1601966388322148	2	2	2
1368583109927524	2	2	2
1602433592804300	2	2	2
1603850342034714	2	2	2
1364618485023998	2	2	2
1608616408810827	2	2	2
1364066754136929	2	2	2
1363151989155540	2	2	2
1610229582591504	2	2	2
1361064537040494	2	2	2
1611694597266398	2	2	2
1614965353842960	2	2	2
1615326515949823	2	2	2
1339689702511251	2	2	2
1472453475505163	2	2	2
1497141011166799	2	2	2
1497728644297106	2	2	2
1445949472701938	2	2	2
1499202918888576	2	2	2
1499621381086126	2	2	2
1502061246527557	2	2	2
1506188133076413	2	2	2
1445801776391219	2	2	2
1509936501970710	2	2	2
1445360376603402	2	2	2
1443903162761549	2	2	2
1512767185567357	2	2	2
1513053385996275	2	2	2
1451366350500731	2	2	2
1493209406396105	2	2	2
1474697019920620	2	2	2
1476221987492435	2	2	2
1476453780293830	2	2	2
1467082083429607	2	2	2
1478607132211826	2	2	2
1480373443141021	2	2	2
1481728457702838	2	2	2
1482547042324827	2	2	2
1458304876385099	2	2	2
1455316910400285	2	2	2
1490277245273399	2	2	2
1491438428736521	2	2	2
1492948623303299	2	2	2
1441341707214488	2	2	2
1441313243197937	2	2	2
1423952075564049	2	2	2
1547935586456368	2	2	2
1422845571850370	2	2	2
1551067299790123	2	2	2
1421030916508105	2	2	2
1420733419218894	2	2	2
1557719903851086	2	2	2
1559032671635936	2	2	2
1415619829744373	2	2	2
1413780512539049	2	2	2
1566013190161190	2	2	2
1566104724099373	2	2	2
1411267163242371	2	1.7	1.7
1425717505998125	2	2	2
1545596917412422	2	2	2
1516201858901081	2	2	2
1517293230420131	2	2	2
1436465721773735	2	2	2
1436442158526028	2	2	2
1433543543203762	2	2	2
1524105868585003	2	2	2
1526907997370491	2	2	2
1529187436281933	2	2	2
1430312735716579	2	2	2
1537530122251342	2	2	2
1538495970363330	2	2	2
1538866228396045	2	2	2
1427126645422461	2	2	2
1570920353995878	2	2	2
1734232106605631	2	2	2
1737110229239632	2	2	2
1254106298080161	2	2	2
1738431514283418	2	2	2
1251933	2	2	2
1741610515584904	2	2	0
1741657699630738	2	2	2
1741681544032419	2	2	2
1748208787605159	2	2	2
1749397877256399	2	2	2
1749523814953026	2	2	0
1237933914377326	2	2	2
1751012998588008	2	2	2
1256141851047598	2	2	2
1259297631843881	2	2	2
126060	2	2	2
1717643137515718	2	2	2
1274646362312292	2	2	2
1269986662432287	2	2	2
1269528896279007	2	2	2
1721759484172905	2	2	2
1722741790798702	2	2	2
1722965266377025	2	1.7	1.7
1724186131170045	2	2	2
1726326758705657	2	2	2
1268671314674456	2	2	2
1263039204516841	2	2	2
1730732038954908	2	2	2
1754347740564364	2	2	0
1756680182074907	2	2	2
1237292812396300	2	2	2
1220433841970302	2	2	2
1783498346642635	2	2	2
1786291858141908	2	2	0
1218761549223946	2	2	2
1788019402176020	2	2	2
1789099018541408	2	2	2
1791496964579741	2	2	2
1791538586671130	2	2	2
1796000029455651	2	2	2
1218522260143989	2	2	0
1800311800472034	2	2	2
1214530880539780	2	2	2
1783032721868296	2	2	2
1220694503301758	2	2	2
1780593225881246	2	2	2
1236469379711352	2	2	2
1767507913190983	2	2	2
1232756692602026	2	2	2
1229123044525027	2	2	2
1227372978987339	2	2	2
1226909730622517	2	2	2
1772225470167122	2	2	2
1773465780868268	2	2	2
1775350500434002	2	2	2
1775386727039869	2	2	2
1775766381288441	2	2	2
1778569724789448	2	2	2
1275463550174965	2	2	2
1716222803875876	2	2	2
1629254426151793	2	2	2
1318686743847670	2	2	2
1315526556771221	2	2	2
1655808329190850	2	2	2
1310448337319604	2	2	2
1309208528360047	2	2	0
1657311873946136	2	2	2
1309093213733315	2	2	2
1664147493797477	2	2	2
1665740555934953	2	2	2
1308149137434746	2	2	2
1667333495782494	2	2	2
1403238501988542	2	2	2
1306418115794058	2	2	2
1320984841406756	2	2	2
1651115846612109	2	2	2
1334352600889855	2	2	2
1631133747569660	2	2	2
1631326669021533	2	2	2
1332955592300096	2	2	2
1330798758064196	2	2	2
1326648254629548	2	2	2
1639789693392520	2	2	2
1325460969176422	2	2	0
1641977766920318	2	2	2
1324622339728092	2	2	2
1648532521977177	2	2	2
1648645490851757	2	2	2
1324367786841966	2	2	0
1598238578761024	2	2	2
1710650495501722	2	2	2
1694152665651353	2	2	0
1707738433825898	2	2	2
1707562778426182	2	2	2
1281972397844414	2	2	2
1695953920158663	2	2	2
1696188926844989	2	2	2
1697326058924103	2	2	2
1277332604296364	2	2	2
1701831310992821	2	2	2
1281326658227170	2	1.7	0
1704868655882614	2	2	2
1692987417856116	2	2	2
1276568083580561	2	2	2
1674844965348124	2	2	2
1675138660768480	2	2	2
1303904022635487	2	2	2
1676145235675528	2	2	2
1680241090457125	2	2	2
1680525050591785	2	2	2
1292560516571587	2	2	2
1291920619209460	2	2	2
1282076297142142	2	2	2
1692660540032149	2	2	2
1692748828517952	2	2	2
1279874507137959	2	2	2
1697945680431105	1.5	1.5	1.5
1694428048722842	1.5	1.5	1.5
1802116038556494	1.5	1.5	1.5
1202048585897774	1.5	1.5	1.5
1140160340485882	1.5	1.5	1.5